0 4
0 5
0 6
0 7
0 32
4 1
4 2
4 3
4 12
5 1
5 2
5 3
5 13
6 1
6 2
6 3
6 14
7 1
7 2
7 3
7 15
1 33
2 34
3 35
32 36
32 37
32 38
32 39
32 64
36 33
36 34
36 35
36 44
37 33
37 34
37 35
37 45
38 33
38 34
38 35
38 46
39 33
39 34
39 35
39 47
33 65
34 66
35 67
64 68
64 69
64 70
64 71
64 96
68 65
68 66
68 67
68 76
69 65
69 66
69 67
69 77
70 65
70 66
70 67
70 78
71 65
71 66
71 67
71 79
65 97
66 98
67 99
96 100
96 101
96 102
96 103
100 97
100 98
100 99
100 108
101 97
101 98
101 99
101 109
102 97
102 98
102 99
102 110
103 97
103 98
103 99
103 111
8 12
8 13
8 14
8 15
8 40
12 9
12 10
12 11
12 20
13 9
13 10
13 11
13 21
14 9
14 10
14 11
14 22
15 9
15 10
15 11
15 23
9 41
10 42
11 43
40 44
40 45
40 46
40 47
40 72
44 41
44 42
44 43
44 52
45 41
45 42
45 43
45 53
46 41
46 42
46 43
46 54
47 41
47 42
47 43
47 55
41 73
42 74
43 75
72 76
72 77
72 78
72 79
72 104
76 73
76 74
76 75
76 84
77 73
77 74
77 75
77 85
78 73
78 74
78 75
78 86
79 73
79 74
79 75
79 87
73 105
74 106
75 107
104 108
104 109
104 110
104 111
108 105
108 106
108 107
108 116
109 105
109 106
109 107
109 117
110 105
110 106
110 107
110 118
111 105
111 106
111 107
111 119
16 20
16 21
16 22
16 23
16 48
20 17
20 18
20 19
20 28
21 17
21 18
21 19
21 29
22 17
22 18
22 19
22 30
23 17
23 18
23 19
23 31
17 49
18 50
19 51
48 52
48 53
48 54
48 55
48 80
52 49
52 50
52 51
52 60
53 49
53 50
53 51
53 61
54 49
54 50
54 51
54 62
55 49
55 50
55 51
55 63
49 81
50 82
51 83
80 84
80 85
80 86
80 87
80 112
84 81
84 82
84 83
84 92
85 81
85 82
85 83
85 93
86 81
86 82
86 83
86 94
87 81
87 82
87 83
87 95
81 113
82 114
83 115
112 116
112 117
112 118
112 119
116 113
116 114
116 115
116 124
117 113
117 114
117 115
117 125
118 113
118 114
118 115
118 126
119 113
119 114
119 115
119 127
24 28
24 29
24 30
24 31
24 56
28 25
28 26
28 27
29 25
29 26
29 27
30 25
30 26
30 27
31 25
31 26
31 27
25 57
26 58
27 59
56 60
56 61
56 62
56 63
56 88
60 57
60 58
60 59
61 57
61 58
61 59
62 57
62 58
62 59
63 57
63 58
63 59
57 89
58 90
59 91
88 92
88 93
88 94
88 95
88 120
92 89
92 90
92 91
93 89
93 90
93 91
94 89
94 90
94 91
95 89
95 90
95 91
89 121
90 122
91 123
120 124
120 125
120 126
120 127
124 121
124 122
124 123
125 121
125 122
125 123
126 121
126 122
126 123
127 121
127 122
127 123
