2 3
2 28
2 29
2 30
2 31
3 28
3 29
3 30
3 31
4 5
4 40
4 41
4 42
4 43
5 40
5 41
5 42
5 43
6 7
6 36
6 37
6 38
6 39
6 40
6 41
6 42
6 43
7 36
7 37
7 38
7 39
7 40
7 41
7 42
7 43
8 9
8 36
8 37
8 38
8 39
8 40
8 41
8 30
8 31
9 36
9 37
9 38
9 39
9 40
9 41
9 30
9 31
10 11
10 36
10 37
10 38
10 39
10 40
10 41
10 30
10 31
10 32
10 33
10 34
10 35
11 36
11 37
11 38
11 39
11 40
11 41
11 30
11 31
11 32
11 33
11 34
11 35
12 13
12 36
12 37
12 26
12 27
12 28
12 29
12 30
12 31
12 32
12 33
12 34
12 35
13 36
13 37
13 26
13 27
13 28
13 29
13 30
13 31
13 32
13 33
13 34
13 35
14 15
14 36
14 37
14 26
14 27
14 32
14 33
14 34
14 35
15 36
15 37
15 26
15 27
15 32
15 33
15 34
15 35
16 17
16 36
16 37
16 38
16 39
16 44
16 45
16 34
16 35
17 36
17 37
17 38
17 39
17 44
17 45
17 34
17 35
18 19
18 44
18 45
18 34
18 35
19 44
19 45
19 34
19 35
20 21
20 32
20 33
20 34
20 35
21 32
21 33
21 34
21 35
26 27
28 29
30 31
32 33
34 35
36 37
38 39
40 41
42 43
44 45
