0 1
0 32
0 24
0 34
0 26
0 36
0 28
0 38
0 30
1 32
1 40
1 34
1 42
1 36
1 44
1 38
1 46
2 3
2 32
2 24
2 34
2 26
2 36
2 28
2 38
2 30
3 32
3 40
3 34
3 42
3 36
3 44
3 38
3 46
4 5
4 32
4 24
4 34
4 26
4 36
4 28
4 38
4 30
5 32
5 40
5 34
5 42
5 36
5 44
5 38
5 46
6 7
6 32
6 24
6 34
6 26
6 36
6 28
6 38
6 30
7 32
7 40
7 34
7 42
7 36
7 44
7 38
7 46
8 9
8 32
8 24
8 33
8 25
8 34
8 26
8 35
8 27
8 36
8 28
8 37
8 29
8 38
8 30
8 39
8 31
9 32
9 40
9 33
9 41
9 34
9 42
9 35
9 43
9 36
9 44
9 37
9 45
9 38
9 46
9 39
9 47
10 11
10 32
10 24
10 33
10 25
10 34
10 26
10 35
10 27
10 36
10 28
10 37
10 29
10 38
10 30
10 39
10 31
11 32
11 40
11 33
11 41
11 34
11 42
11 35
11 43
11 36
11 44
11 37
11 45
11 38
11 46
11 39
11 47
12 13
12 32
12 24
12 33
12 25
12 34
12 26
12 35
12 27
12 36
12 28
12 37
12 29
12 38
12 30
12 39
12 31
13 32
13 40
13 33
13 41
13 34
13 42
13 35
13 43
13 36
13 44
13 37
13 45
13 38
13 46
13 39
13 47
14 15
14 32
14 24
14 33
14 25
14 34
14 26
14 35
14 27
14 36
14 28
14 37
14 29
14 38
14 30
14 39
14 31
15 32
15 40
15 33
15 41
15 34
15 42
15 35
15 43
15 36
15 44
15 37
15 45
15 38
15 46
15 39
15 47
16 17
16 33
16 25
16 35
16 27
16 37
16 29
16 39
16 31
17 33
17 41
17 35
17 43
17 37
17 45
17 39
17 47
18 19
18 33
18 25
18 35
18 27
18 37
18 29
18 39
18 31
19 33
19 41
19 35
19 43
19 37
19 45
19 39
19 47
20 21
20 33
20 25
20 35
20 27
20 37
20 29
20 39
20 31
21 33
21 41
21 35
21 43
21 37
21 45
21 39
21 47
22 23
22 33
22 25
22 35
22 27
22 37
22 29
22 39
22 31
23 33
23 41
23 35
23 43
23 37
23 45
23 39
23 47
24 25
26 27
28 29
30 31
32 33
34 35
36 37
38 39
40 41
42 43
44 45
46 47
